Song_Index
327
345
300
36513
2881
320
330
6635
35740
9174
324
316
326
45531
37022
341
315
35475
305
318
45589
346
6264
347
946
11775
14644
45995
295
32710
35738
12374
9136
36674
2879
5302
45782
11625
45996
955
3715
36701
37006
45997
45409
35483
45998
36998
11413
11849
