Song_Index
1784
2294
1748
1777
42832
2311
13018
2291
188
2286
2620
42833
3003
12680
9519
42834
2303
3002
42835
42836
42837
3017
24587
13023
3014
13120
3007
460
42838
1762
3019
4416
5293
2290
3010
6128
42839
2915
524
2301
42358
42840
7069
42841
42842
9886
42843
11800
12351
23283
